Refuge,Unit,RtCI90_lwr (ton),CI90lwr (ton),Cumulative Mass (ton),Unit Mass (ton),CI90upr (ton),MOE/Mean,Cumulative Area (ha),Objective,Mass (g/m2),SE (g/m2),CI90lwr (g/m2),CI90upr (g/m2)
KRN,KRN_4B_4B-3,40.488,39.123,45.813,45.813,52.938,0.116,18.974,Pass,241.456,22.619,206.195,279.005
KRN,KRN_4A_4A-5,71.678,69.077,81.95,36.137,96.63,0.125,40.916,Pass,164.69,20.94,131.9,201.5
KRN,KRN_4A_4A-4,96.872,93.613,110.116,28.166,128.635,0.12,61.522,Pass,136.684,12.093,117.9,157
KRN,KRN_5A_5A-1,122.227,118.457,138.264,28.148,160.473,0.116,80.25,Pass,150.308,12.632,130.3,171.8
KRN,KRN_4A_4A-3,143.068,138.494,162.036,23.772,187.93,0.117,89.228,Pass,264.774,26.836,222.79,309.705
KRN,KRN_4B_4B-1,164.171,159.207,185.7,23.664,214.864,0.116,115.087,Pass,91.51,8.77,77.995,106.6
KRN,KRN_5A_5A-6,185.12,179.42,208.994,23.294,241.701,0.114,129.185,Pass,165.235,14.685,142.795,190.7
KRN,KRN_5B_5B-7,204.941,198.563,231.371,22.376,267.26,0.114,141.238,Pass,185.642,17.205,159.195,214.605
KRN,KRN_5B_5B-8,224.686,217.672,253.058,21.687,291.258,0.112,160.595,Pass,112.041,9.221,97.1,127.7
KRN,KRN_4A_4A-6,243.88,236.03,274.176,21.118,314.9,0.11,187.24,Pass,79.256,7.81,67.1,92.605
KRN,KRN_5A_5A-7,261.385,253.314,294.229,20.053,337.982,0.112,206.873,Pass,102.14,13.434,81.5,125.4
KRN,KRN_5A_5A-4,277.019,268.531,311.855,17.626,358.498,0.112,225.794,Pass,93.158,10.499,77,110.9
KRN,KRN_5B_5B-3,292.658,283.507,329.396,17.541,379.04,0.112,249.081,Pass,75.324,11.17,58.8,94.6
KRN,KRN_6A_6A-1,305.103,296.061,343.128,13.732,394.427,0.111,270.905,Pass,62.92,5.2,54.5,71.705
KRN,KRN_5B_5B-1,316.789,307.062,356.2,13.072,409.405,0.111,280.131,Pass,141.683,13.263,120.9,164.1
KRN,KRN_4A_4A-1,328.292,318.3,369.115,12.915,423.726,0.111,299.599,Pass,66.34,6.453,56.595,77.3
KRN,KRN_5A_5A-3,339.233,329.114,381.383,12.268,437.996,0.111,320.815,Pass,57.825,5.617,49,67.3
KRN,KRN_6A_6A-5,350.311,339.741,393.476,12.094,451.662,0.11,334.596,Pass,87.755,6.827,76.895,99
KRN,KRN_4B_4B-2,361.096,350.1,405.434,11.957,464.953,0.109,352.262,Pass,67.685,5.945,58.1,77.6
KRN,KRN_5B_5B-6,371.198,359.919,416.554,11.121,477.483,0.109,365.207,Pass,85.907,6.935,74.8,97.7
KRN,KRN_4A_4A-2,380.573,369.005,426.986,10.432,489.574,0.109,382.662,Pass,59.764,9.456,45,76
KRN,KRN_6A_6A-4,388.794,376.818,436.092,9.106,499.938,0.108,394.159,Pass,79.2,6.525,68.9,90.2
KRN,KRN_6A_6A-2,396.591,384.11,444.853,8.761,510.371,0.108,414.395,Pass,43.294,5.133,35.4,52.2
KRN,KRN_5B_5B-2,402.638,389.593,451.409,6.556,517.376,0.108,426.325,Pass,54.956,4.574,47.6,62.805
KRN,KRN_5B_5B-5,407.354,394.171,456.592,5.183,522.922,0.108,446.619,Pass,25.539,3.25,20.5,31.2
MDC,MDC_Duck Ponds_Duck Ponds,78.148,74.492,91.135,91.135,108.906,0.143,71.696,Pass,127.114,14.749,103.9,151.9
MDC,MDC_Upper Goose Pond_Upper Goose Pond,96.141,91.76,111.994,20.859,133.867,0.142,92.922,Pass,98.27,13.309,77.795,121.205
MDC,MDC_Gadwall_Gadwall,109.953,105.08,128.169,16.175,153.399,0.142,118.95,Pass,62.146,8.791,48.7,77.2
MDC,MDC_Flournoy Pond_Flournoy Pond,120.494,115.272,140.387,12.218,167.334,0.142,140.676,Pass,56.234,8.407,43.3,70.7
MDC,MDC_Matney 3_Matney 3,129.285,123.578,150.493,10.105,179.644,0.141,152.682,Pass,84.171,11.986,66,104.9
MDC,MDC_Matney 6_Matney 6,137.16,131.027,159.795,9.302,190.79,0.142,162.114,Pass,98.621,12.908,78.6,121.1
MDC,MDC_Matney 4 North_Matney 4 North,143.499,137.256,167.155,7.36,199.513,0.142,170.406,Pass,88.772,11.256,71.5,108.4
MDC,MDC_J Pond_J Pond,148.431,141.795,172.604,5.449,205.9,0.14,193.233,Pass,23.872,3.25,19,29.5
MDC,MDC_Matney 4 South_Matney 4 South,152.632,145.889,177.593,4.988,212.008,0.141,200.797,Pass,65.948,8.925,52,81.3
MDC,MDC_South Dam Pond_South Dam Pond,156.203,149.388,181.598,4.005,216.384,0.14,209.289,Pass,47.165,6.46,37.2,58.205
MDC,MDC_House Field_House Field,159.254,152.264,185.128,3.53,220.595,0.14,212.359,Pass,114.988,13.184,94.3,137.9
MDC,MDC_Matney 8_Matney 8,161.981,154.983,188.093,2.965,223.799,0.139,224.942,Pass,23.567,3.468,18.3,29.5
MDC,MDC_Grandma Tract 9_Grandma Tract 9,163.404,156.425,189.655,1.562,225.654,0.138,236.094,Pass,14.005,3.279,9.4,19.9
MDC,MDC_Grandma Tract 4_Grandma Tract 4,164.59,157.658,191.196,1.541,227.674,0.139,248.022,Pass,12.919,2.561,9.2,17.6
MDC,MDC_Grandma Tract 2_Grandma Tract 2,165.766,158.742,192.537,1.34,229.246,0.139,256.515,Pass,15.781,2.58,11.9,20.2
MDC,MDC_Grandma Tract 3_Grandma Tract 3,166.701,159.601,193.474,0.937,230.12,0.138,268.997,Pass,7.508,1.567,5.2,10.3
MDC,MDC_Grandma Tract 10_Grandma Tract 10,167.421,160.287,194.263,0.789,231.022,0.138,282.988,Pass,5.639,0.718,4.5,6.9
MDC,MDC_Grandma Tract 8_Grandma Tract 8,167.994,160.849,194.914,0.651,231.767,0.138,294.153,Pass,5.828,0.8,4.6,7.2
MDC,MDC_Grandma Tract 7_Grandma Tract 7,168.096,160.992,195.071,0.158,231.934,0.138,308.423,Pass,1.106,0.247,0.8,1.5
MDC,MDC_Matney 7_Matney 7,168.196,161.093,195.17,0.098,232.06,0.138,318.537,Pass,0.974,0.207,0.7,1.3
MDC,MDC_Grandma Tract 11_Grandma Tract 11,168.244,161.144,195.225,0.055,232.121,0.138,324.586,Pass,0.915,0.218,0.6,1.3
PIX,PIX_3A_3A,64.026,61.564,75.75,75.75,91.525,0.155,29.989,Pass,252.596,30.712,205.29,305.2
PIX,PIX_2_2,111.081,106.993,131.45,55.7,158.775,0.155,50.063,Pass,277.468,33.55,226.195,334.71
PIX,PIX_3_3,154.137,148.36,181.91,50.46,219.363,0.153,69.632,Pass,257.856,30.813,210.5,310.8
PIX,PIX_8B_8B,194.695,187.973,229.803,47.893,276.694,0.153,87.419,Pass,269.254,31.666,220.7,323.41
PIX,PIX_2A_2A,229.276,221.417,270.462,40.659,325.328,0.152,109.85,Pass,181.268,21.393,148.4,218.505
PIX,PIX_4_4,261.64,252.691,307.999,37.537,369.619,0.151,127.911,Pass,207.827,22.497,172.8,246.205
PIX,PIX_1_1,294.785,284.041,344.81,36.811,411.711,0.145,184.95,Pass,64.538,7.003,53.8,76.6
PIX,PIX_6_6,325.703,314.126,380.202,35.392,454.733,0.143,231.188,Pass,76.541,11.78,58.8,98.105
PIX,PIX_7A_7A,353.594,340.869,413.031,32.83,494.297,0.144,243.85,Pass,259.279,31.054,211.3,312.01
PIX,PIX_9B_9B,380.698,366.916,444.56,31.529,531.775,0.144,257.344,Pass,233.649,26.437,193.1,278.705
PIX,PIX_9A_9A,406.725,391.877,474.674,30.114,567.29,0.143,269.691,Pass,243.898,27.337,201.7,291.405
PIX,PIX_7B_7B,423.072,407.357,491.828,17.154,586.474,0.14,281.911,Pass,140.385,44.822,78.8,222.015
PIX,PIX_4A_4A,434.81,417.905,505.349,13.521,602.247,0.14,300.182,Pass,74.001,24.138,40.5,119.005
PIX,PIX_8A_8A,442.935,424.803,513.955,8.606,611.799,0.138,311.808,Pass,74.025,24.504,40.795,119.4
SLW,SLW_LIC_57,15.038,14.092,19.358,19.358,25.75,0.223,28.643,Pass,67.582,12.404,49.2,89.9
SLW,SLW_Lewis 6_22,21.266,19.819,27.891,8.533,38.104,0.238,52.35,Pass,35.995,14.643,17.6,63.6
SLW,SLW_Lewis 1_22,22.918,21.369,29.935,2.045,40.818,0.234,64.298,Pass,17.112,3.776,12.2,24.2
SLW,SLW_Beach Lake 1_Beach Lake 1,23.956,22.346,31.076,1.141,42.13,0.229,80.761,Pass,6.931,1.403,4.9,9.5
